
SYMMETRICAL COMPONENT POWERS BY CIRCUIT ELEMENT (first 3 phases)                                     Excess Power

Element             Term    P1(kW)   Q1(kvar)       P2         Q2      P0      Q0       P_Norm      Q_Norm     P_Emerg    Q_Emerg

"Vsource.SOURCE"     1    -3541.9    -1363.5        0.0        0.0    -0.0     0.0
"Vsource.SOURCE"     2        0.0        0.0        0.0        0.0     0.0     0.0
"Transformer.REG1A"  1     3541.9     1363.5       -0.0       -0.0     0.0    -0.0        0.0        0.0        0.0        0.0
"Transformer.REG1A"  2    -3541.9    -1363.4        0.0        0.0     0.0     0.0
"Line.L115"          1     3541.9     1363.4       -0.0       -0.0    -0.0    -0.0     1333.1      513.2      228.7       88.0
"Line.L115"          2    -3524.2    -1325.0        0.9        1.2     1.0     2.1
"Line.L1"            1        0.0        0.0        0.0        0.0     0.0     0.0        0.0        0.0        0.0        0.0
"Line.L1"            2        0.0        0.0        0.0        0.0     0.0     0.0
"Line.L2"            1        0.0        0.0        0.0        0.0     0.0     0.0        0.0        0.0        0.0        0.0
"Line.L2"            2        0.0        0.0        0.0        0.0     0.0     0.0
"Line.L3"            1     3362.9     1244.3       -1.1       -1.0    -0.7    -2.3     1203.0      444.2      123.9       45.7
"Line.L3"            2    -3350.8    -1218.2        1.7        1.8     1.4     3.9
"Line.L4"            1        0.0        0.0        0.0        0.0     0.0     0.0        0.0        0.0        0.0        0.0
"Line.L4"            2        0.0        0.0        0.0        0.0     0.0     0.0
"Line.L5"            1        0.0        0.0        0.0        0.0     0.0     0.0        0.0        0.0        0.0        0.0
"Line.L5"            2        0.0        0.0        0.0        0.0     0.0     0.0
"Line.L6"            1        0.0        0.0        0.0        0.0     0.0     0.0        0.0        0.0        0.0        0.0
"Line.L6"            2        0.0        0.0        0.0        0.0     0.0     0.0
"Line.L7"            1     3330.7     1208.0       -1.6       -1.8    -1.4    -3.7     1158.5      418.7       74.0       26.7
"Line.L7"            2    -3322.8    -1190.8        2.1        2.3     1.9     4.7
"Line.L8"            1        0.0        0.0        0.0        0.0     0.0     0.0        0.0        0.0        0.0        0.0
"Line.L8"            2        0.0        0.0        0.0        0.0     0.0     0.0
"Line.L9"            1        0.0        0.0        0.0        0.0     0.0     0.0        0.0        0.0        0.0        0.0
"Line.L9"            2        0.0        0.0        0.0        0.0     0.0     0.0
"Line.L10"           1     3203.2     1130.0       -1.5       -2.1    -1.9    -3.6      943.4      331.4        0.0        0.0
"Line.L10"           2    -3192.1    -1106.1        1.9        2.7     2.4     4.6
"Line.L11"           1        0.0        0.0        0.0        0.0     0.0     0.0        0.0        0.0        0.0        0.0
"Line.L11"           2        0.0        0.0        0.0        0.0     0.0     0.0
"Line.L12"           1        0.0        0.0        0.0        0.0     0.0     0.0        0.0        0.0        0.0        0.0
"Line.L12"           2        0.0        0.0        0.0        0.0     0.0     0.0
"Line.L13"           1     1109.9      660.9       -1.6       -0.9    -0.5    -2.7        0.0        0.0        0.0        0.0
"Line.L13"           2    -1105.1     -651.5        1.6        1.0     0.8     3.5
"Line.L14"           1        0.0        0.0        0.0        0.0     0.0     0.0        0.0        0.0        0.0        0.0
"Line.L14"           2        0.0        0.0        0.0        0.0     0.0     0.0
"Line.L15"           1        0.0        0.0        0.0        0.0     0.0     0.0        0.0        0.0        0.0        0.0
"Line.L15"           2        0.0        0.0        0.0        0.0     0.0     0.0
"Line.L16"           1        0.0        0.0        0.0        0.0     0.0     0.0        0.0        0.0        0.0        0.0
"Line.L16"           2        0.0        0.0        0.0        0.0     0.0     0.0
"Line.L17"           1        0.0        0.0        0.0        0.0     0.0     0.0        0.0        0.0        0.0        0.0
"Line.L17"           2        0.0        0.0        0.0        0.0     0.0     0.0
"Line.L18"           1        0.0        0.0        0.0        0.0     0.0     0.0        0.0        0.0        0.0        0.0
"Line.L18"           2        0.0        0.0        0.0        0.0     0.0     0.0
"Line.L19"           1      278.2      140.3       -0.0       -0.8    -1.4    -0.5        0.0        0.0        0.0        0.0
"Line.L19"           2     -278.1     -140.1        0.1        0.8     1.5     0.6
"Line.L20"           1        0.0        0.0        0.0        0.0     0.0     0.0        0.0        0.0        0.0        0.0
"Line.L20"           2        0.0        0.0        0.0        0.0     0.0     0.0
"Line.L21"           1        0.0        0.0        0.0        0.0     0.0     0.0        0.0        0.0        0.0        0.0
"Line.L21"           2        0.0        0.0        0.0        0.0     0.0     0.0
"Line.L22"           1      237.9      120.2       -0.1       -1.2    -2.2    -0.9        0.0        0.0        0.0        0.0
"Line.L22"           2     -237.8     -120.1        0.1        1.2     2.2     0.9
"Line.L23"           1        0.0        0.0        0.0        0.0     0.0     0.0        0.0        0.0        0.0        0.0
"Line.L23"           2        0.0        0.0        0.0        0.0     0.0     0.0
"Line.L24"           1      197.4      100.4       -0.4       -0.9    -1.6    -1.4        0.0        0.0        0.0        0.0
"Line.L24"           2     -197.4     -100.3        0.4        1.0     1.6     1.5
"Line.L25"           1        0.0        0.0        0.0        0.0     0.0     0.0        0.0        0.0        0.0        0.0
"Line.L25"           2        0.0        0.0        0.0        0.0     0.0     0.0
"Line.L26"           1      117.7       60.1       -0.4       -0.6    -0.8    -1.2        0.0        0.0        0.0        0.0
"Line.L26"           2     -117.7      -60.0        0.4        0.6     0.8     1.2
"Line.L27"           1        0.0        0.0        0.0        0.0     0.0     0.0        0.0        0.0        0.0        0.0
"Line.L27"           2        0.0        0.0        0.0        0.0     0.0     0.0
"Line.L28"           1        0.0        0.0        0.0        0.0     0.0     0.0        0.0        0.0        0.0        0.0
"Line.L28"           2        0.0        0.0        0.0        0.0     0.0     0.0
"Line.L29"           1        0.0        0.0        0.0        0.0     0.0     0.0        0.0        0.0        0.0        0.0
"Line.L29"           2        0.0        0.0        0.0        0.0     0.0     0.0
"Line.L30"           1       78.5       39.6       -0.0       -0.4    -0.8    -0.3        0.0        0.0        0.0        0.0
"Line.L30"           2      -78.5      -39.6        0.0        0.4     0.8     0.3
"Line.L31"           1       40.4       19.8        0.3       -0.3    -0.7     0.5        0.0        0.0        0.0        0.0
"Line.L31"           2      -40.4      -19.8       -0.3        0.3     0.7    -0.5
"Line.L32"           1        0.0       -0.0       -0.0        0.0     0.0    -0.0        0.0        0.0        0.0        0.0
"Line.L32"           2       -0.0        0.0        0.0       -0.0     0.0    -0.0
"Line.L33"           1        0.0        0.0        0.0        0.0     0.0     0.0        0.0        0.0        0.0        0.0
"Line.L33"           2        0.0        0.0        0.0        0.0     0.0     0.0
"Line.L34"           1        0.0        0.0        0.0        0.0     0.0     0.0        0.0        0.0        0.0        0.0
"Line.L34"           2        0.0        0.0        0.0        0.0     0.0     0.0
"Line.L35"           1        0.0        0.0        0.0        0.0     0.0     0.0        0.0        0.0        0.0        0.0
"Line.L35"           2        0.0        0.0        0.0        0.0     0.0     0.0
"Line.L36"           1      628.2      407.6       -0.2        0.0     0.4    -0.1        0.0        0.0        0.0        0.0
"Line.L36"           2     -627.8     -406.6        0.2       -0.0    -0.4     0.1
"Line.L37"           1        0.0        0.0        0.0        0.0     0.0     0.0        0.0        0.0        0.0        0.0
"Line.L37"           2        0.0        0.0        0.0        0.0     0.0     0.0
"Line.L38"           1        0.0        0.0        0.0        0.0     0.0     0.0        0.0        0.0        0.0        0.0
"Line.L38"           2        0.0        0.0        0.0        0.0     0.0     0.0
"Line.L39"           1        0.0        0.0        0.0        0.0     0.0     0.0        0.0        0.0        0.0        0.0
"Line.L39"           2        0.0        0.0        0.0        0.0     0.0     0.0
"Line.L40"           1        0.0        0.0        0.0        0.0     0.0     0.0        0.0        0.0        0.0        0.0
"Line.L40"           2        0.0        0.0        0.0        0.0     0.0     0.0
"Line.L41"           1      607.6      396.8       -0.4        0.1     0.7    -0.4        0.0        0.0        0.0        0.0
"Line.L41"           2     -607.2     -395.9        0.4       -0.1    -0.7     0.4
"Line.L42"           1        0.0        0.0        0.0        0.0     0.0     0.0        0.0        0.0        0.0        0.0
"Line.L42"           2        0.0        0.0        0.0        0.0     0.0     0.0
"Line.L43"           1      547.1      365.7       -0.3       -0.2     0.0    -0.3        0.0        0.0        0.0        0.0
"Line.L43"           2     -546.8     -365.0        0.3        0.2    -0.0     0.3
"Line.L44"           1        0.0        0.0        0.0        0.0     0.0     0.0        0.0        0.0        0.0        0.0
"Line.L44"           2        0.0        0.0        0.0        0.0     0.0     0.0
"Line.L45"           1      506.9      344.4        0.1        0.0     0.2     0.6        0.0        0.0        0.0        0.0
"Line.L45"           2     -506.6     -343.7       -0.1       -0.0    -0.2    -0.5
"Line.L46"           1        0.0        0.0        0.0        0.0     0.0     0.0        0.0        0.0        0.0        0.0
"Line.L46"           2        0.0        0.0        0.0        0.0     0.0     0.0
"Line.L47"           1      203.4      145.3        0.0        0.0     0.1     0.0        0.0        0.0        0.0        0.0
"Line.L47"           2     -203.3     -145.2       -0.0       -0.0    -0.1    -0.0
"Line.L48"           1      199.9      124.6        0.1        0.0     0.1     0.5        0.0        0.0        0.0        0.0
"Line.L48"           2     -199.8     -124.5       -0.1       -0.0    -0.1    -0.5
"Line.L49"           1       60.5       30.2        0.2       -0.3    -0.7     0.2        0.0        0.0        0.0        0.0
"Line.L49"           2      -60.5      -30.2       -0.2        0.3     0.7    -0.1
"Line.L50"           1       20.3       10.5       -0.2       -0.1    -0.1    -0.4        0.0        0.0        0.0        0.0
"Line.L50"           2      -20.3      -10.5        0.2        0.1     0.1     0.4
"Line.L51"           1        0.0       -0.0       -0.0       -0.0    -0.0    -0.0        0.0        0.0        0.0        0.0
"Line.L51"           2       -0.0       -0.0        0.0        0.0    -0.0    -0.0
"Line.L52"           1     1936.2      363.5       -0.8       -1.4    -0.8    -2.5        0.0        0.0        0.0        0.0
"Line.L52"           2    -1933.7     -358.0        0.9        1.5     0.9     2.6
"Line.L53"           1     1893.1      337.1       -0.5       -1.3    -0.7    -1.9        0.0        0.0        0.0        0.0
"Line.L53"           2    -1891.6     -333.8        0.5        1.3     0.8     1.9
"Line.L54"           1       38.7       19.5       -0.2        0.1     0.3    -0.2        0.0        0.0        0.0        0.0
"Line.L54"           2      -38.7      -19.5        0.2       -0.1    -0.3     0.2
"Line.L55"           1     1852.9      314.3       -0.3       -1.5    -1.1    -1.7        0.0        0.0        0.0        0.0
"Line.L55"           2    -1848.6     -305.7        0.3        1.5     1.1     1.8
"Line.L56"           1       19.6        9.7        0.0        0.2     0.4     0.1        0.0        0.0        0.0        0.0
"Line.L56"           2      -19.6       -9.7       -0.0       -0.2    -0.4    -0.1
"Line.L57"           1        0.0        0.0        0.0        0.0     0.0     0.0        0.0        0.0        0.0        0.0
"Line.L57"           2        0.0        0.0        0.0        0.0     0.0     0.0
"Line.L58"           1     1809.1      286.3       -0.3       -2.0    -1.8    -2.1        0.0        0.0        0.0        0.0
"Line.L58"           2    -1800.2     -268.7        0.2        2.1     2.0     2.4
"Line.L59"           1        0.0        0.0        0.0        0.0     0.0     0.0        0.0        0.0        0.0        0.0
"Line.L59"           2        0.0        0.0        0.0        0.0     0.0     0.0
"Line.L60"           1       -0.0       -0.0        0.0        0.0     0.0    -0.0        0.0        0.0        0.0        0.0
"Line.L60"           2       -0.0       -0.0       -0.0       -0.0    -0.0    -0.0
"Line.L61"           1      363.8      203.7        1.2       -0.3    -1.3     1.7        0.0        0.0        0.0        0.0
"Line.L61"           2     -363.2     -203.5       -1.2        0.3     1.4    -1.6
"Line.L62"           1      324.8      184.6        0.8       -0.1    -0.6     1.1        0.0        0.0        0.0        0.0
"Line.L62"           2     -324.5     -184.5       -0.8        0.1     0.7    -1.1
"Line.L63"           1      284.0      163.4        1.2        0.2    -0.6     2.0        0.0        0.0        0.0        0.0
"Line.L63"           2     -283.6     -163.3       -1.2       -0.1     0.7    -2.0
"Line.L64"           1      209.9      129.8        1.1       -0.7    -2.2     1.2        0.0        0.0        0.0        0.0
"Line.L64"           2     -209.6     -129.7       -1.0        0.7     2.4    -1.1
"Line.L65"           1       76.0       34.7        0.7       -0.5    -1.6     0.8        0.0        0.0        0.0        0.0
"Line.L65"           2      -76.0      -34.8       -0.6        0.6     1.6    -0.8
"Line.L66"           1        0.0        0.0        0.0        0.0     0.0     0.0        0.0        0.0        0.0        0.0
"Line.L66"           2        0.0        0.0        0.0        0.0     0.0     0.0
"Line.L67"           1      857.1     -234.7        0.5       -0.3    -0.0     0.4        0.0        0.0        0.0        0.0
"Line.L67"           2     -856.3      236.2       -0.5        0.3     0.0    -0.4
"Line.L68"           1      435.0      220.2       -0.4       -0.6    -0.5    -1.2        0.0        0.0        0.0        0.0
"Line.L68"           2     -434.7     -219.8        0.4        0.6     0.5     1.2
"Line.L69"           1        0.0        0.0        0.0        0.0     0.0     0.0        0.0        0.0        0.0        0.0
"Line.L69"           2        0.0        0.0        0.0        0.0     0.0     0.0
"Line.L70"           1        0.0        0.0        0.0        0.0     0.0     0.0        0.0        0.0        0.0        0.0
"Line.L70"           2        0.0        0.0        0.0        0.0     0.0     0.0
"Line.L71"           1        0.0        0.0        0.0        0.0     0.0     0.0        0.0        0.0        0.0        0.0
"Line.L71"           2        0.0        0.0        0.0        0.0     0.0     0.0
"Line.L72"           1        0.0        0.0        0.0        0.0     0.0     0.0        0.0        0.0        0.0        0.0
"Line.L72"           2        0.0        0.0        0.0        0.0     0.0     0.0
"Line.L73"           1      737.2     -294.4       -0.7        0.4     2.3    -1.3        0.0        0.0        0.0        0.0
"Line.L73"           2     -736.8      295.3        0.7       -0.4    -2.3     1.4
"Line.L74"           1        0.0        0.0        0.0        0.0     0.0     0.0        0.0        0.0        0.0        0.0
"Line.L74"           2        0.0        0.0        0.0        0.0     0.0     0.0
"Line.L75"           1        0.0        0.0        0.0        0.0     0.0     0.0        0.0        0.0        0.0        0.0
"Line.L75"           2        0.0        0.0        0.0        0.0     0.0     0.0
"Line.L76"           1      238.4     -459.1        0.0       -0.1    -0.0    -0.3        0.0        0.0        0.0        0.0
"Line.L76"           2     -238.0      459.8       -0.0        0.1     0.0     0.3
"Line.L77"           1      259.0      -13.3       -0.4        0.9     2.1    -0.2        0.0        0.0        0.0        0.0
"Line.L77"           2     -258.8       13.6        0.5       -0.8    -2.0     0.3
"Line.L78"           1      198.9     -479.0        0.0       -0.6    -0.9    -0.6        0.0        0.0        0.0        0.0
"Line.L78"           2     -198.8      479.2       -0.0        0.6     0.9     0.6
"Line.L79"           1       37.2       19.5       -0.4       -0.2    -0.1    -0.9        0.0        0.0        0.0        0.0
"Line.L79"           2      -37.2      -19.5        0.4        0.2     0.1     0.9
"Line.L80"           1      161.6     -498.7        0.4       -0.4    -0.8     0.3        0.0        0.0        0.0        0.0
"Line.L80"           2     -161.1      499.6       -0.4        0.4     0.8    -0.3
"Line.L81"           1      122.0     -518.8        0.4       -0.9    -1.6    -0.1        0.0        0.0        0.0        0.0
"Line.L81"           2     -121.9      519.1       -0.4        0.9     1.7     0.1
"Line.L82"           1       61.3     -548.8       -0.2       -0.4    -0.5    -1.0        0.0        0.0        0.0        0.0
"Line.L82"           2      -61.0      549.3        0.2        0.4     0.5     1.0
"Line.L83"           1        0.0        0.0        0.0        0.0     0.0     0.0        0.0        0.0        0.0        0.0
"Line.L83"           2        0.0        0.0        0.0        0.0     0.0     0.0
"Line.L84"           1       20.5     -570.5        0.2       -0.2    -0.4     0.0        0.0        0.0        0.0        0.0
"Line.L84"           2      -20.2      571.1       -0.2        0.2     0.4    -0.0
"Line.L85"           1        0.0        0.0        0.0        0.0     0.0     0.0        0.0        0.0        0.0        0.0
"Line.L85"           2        0.0        0.0        0.0        0.0     0.0     0.0
"Line.L86"           1      239.2      -23.2       -0.5        0.6     1.6    -0.5        0.0        0.0        0.0        0.0
"Line.L86"           2     -239.1       23.4        0.5       -0.6    -1.6     0.5
"Line.L87"           1        0.0        0.0        0.0        0.0     0.0     0.0        0.0        0.0        0.0        0.0
"Line.L87"           2        0.0        0.0        0.0        0.0     0.0     0.0
"Line.L88"           1      158.5      -17.3        0.0       -0.1     1.7    -0.5        0.0        0.0        0.0        0.0
"Line.L88"           2     -158.5       17.3       -0.0        0.1    -1.6     0.5
"Line.L89"           1        0.0        0.0        0.0        0.0     0.0     0.0        0.0        0.0        0.0        0.0
"Line.L89"           2        0.0        0.0        0.0        0.0     0.0     0.0
"Line.L90"           1      119.5       12.3       -0.4       -0.3     1.0     0.3        0.0        0.0        0.0        0.0
"Line.L90"           2     -119.5      -12.3        0.4        0.3    -1.0    -0.3
"Line.L91"           1        0.0        0.0        0.0        0.0     0.0     0.0        0.0        0.0        0.0        0.0
"Line.L91"           2        0.0        0.0        0.0        0.0     0.0     0.0
"Line.L92"           1       79.8       40.6       -0.4        0.2     0.6    -0.7        0.0        0.0        0.0        0.0
"Line.L92"           2      -79.8      -40.6        0.4       -0.2    -0.6     0.7
"Line.L93"           1        0.0        0.0        0.0        0.0     0.0     0.0        0.0        0.0        0.0        0.0
"Line.L93"           2        0.0        0.0        0.0        0.0     0.0     0.0
"Line.L94"           1       39.2       19.3       -0.0        0.5     0.9     0.2        0.0        0.0        0.0        0.0
"Line.L94"           2      -39.2      -19.3        0.0       -0.5    -0.9    -0.2
"Line.L95"           1        0.0        0.0        0.0        0.0     0.0     0.0        0.0        0.0        0.0        0.0
"Line.L95"           2        0.0        0.0        0.0        0.0     0.0     0.0
"Line.L96"           1      118.0       59.2       -0.0       -0.0     0.0    -0.1        0.0        0.0        0.0        0.0
"Line.L96"           2     -118.0      -59.1        0.0        0.0    -0.0     0.1
"Line.L97"           1       77.5       37.9        0.4        0.3     0.1     0.9        0.0        0.0        0.0        0.0
"Line.L97"           2      -77.5      -37.8       -0.4       -0.2    -0.1    -0.9
"Line.L98"           1       38.3       18.7        0.4       -0.2    -0.7     0.5        0.0        0.0        0.0        0.0
"Line.L98"           2      -38.3      -18.7       -0.4        0.3     0.7    -0.5
"Line.L99"           1        0.0       -0.0       -0.0       -0.0    -0.0    -0.0        0.0        0.0        0.0        0.0
"Line.L99"           2        0.0        0.0       -0.0        0.0     0.0     0.0
"Line.L118"          1      316.7      160.7       -0.4       -0.6    -0.5    -1.2        0.0        0.0        0.0        0.0
"Line.L118"          2     -316.6     -160.4        0.4        0.6     0.5     1.2
"Line.L100"          1        0.0        0.0        0.0        0.0     0.0     0.0        0.0        0.0        0.0        0.0
"Line.L100"          2        0.0        0.0        0.0        0.0     0.0     0.0
"Line.L101"          1      215.6      111.1       -1.5        0.1     1.5    -2.7        0.0        0.0        0.0        0.0
"Line.L101"          2     -215.6     -111.0        1.6       -0.0    -1.5     2.8
"Line.L102"          1        0.0        0.0        0.0        0.0     0.0     0.0        0.0        0.0        0.0        0.0
"Line.L102"          2        0.0        0.0        0.0        0.0     0.0     0.0
"Line.L103"          1        0.0        0.0        0.0        0.0     0.0     0.0        0.0        0.0        0.0        0.0
"Line.L103"          2        0.0        0.0        0.0        0.0     0.0     0.0
"Line.L104"          1        0.0        0.0        0.0        0.0     0.0     0.0        0.0        0.0        0.0        0.0
"Line.L104"          2        0.0        0.0        0.0        0.0     0.0     0.0
"Line.L105"          1      137.4       72.7       -1.5       -1.0    -0.4    -3.5        0.0        0.0        0.0        0.0
"Line.L105"          2     -137.3      -72.7        1.6        1.1     0.5     3.7
"Line.L106"          1        0.0        0.0        0.0        0.0     0.0     0.0        0.0        0.0        0.0        0.0
"Line.L106"          2        0.0        0.0        0.0        0.0     0.0     0.0
"Line.L107"          1        0.0        0.0        0.0        0.0     0.0     0.0        0.0        0.0        0.0        0.0
"Line.L107"          2        0.0        0.0        0.0        0.0     0.0     0.0
"Line.L108"          1        0.0       -0.0       -0.0       -0.0    -0.0    -0.0        0.0        0.0        0.0        0.0
"Line.L108"          2       -0.0       -0.0       -0.0        0.0     0.0     0.0
"Line.L109"          1        0.0        0.0        0.0        0.0     0.0     0.0        0.0        0.0        0.0        0.0
"Line.L109"          2        0.0        0.0        0.0        0.0     0.0     0.0
"Line.L110"          1        0.0        0.0        0.0        0.0     0.0     0.0        0.0        0.0        0.0        0.0
"Line.L110"          2        0.0        0.0        0.0        0.0     0.0     0.0
"Line.L111"          1        0.0        0.0        0.0        0.0     0.0     0.0        0.0        0.0        0.0        0.0
"Line.L111"          2        0.0        0.0        0.0        0.0     0.0     0.0
"Line.L112"          1        0.0        0.0        0.0        0.0     0.0     0.0        0.0        0.0        0.0        0.0
"Line.L112"          2        0.0        0.0        0.0        0.0     0.0     0.0
"Line.L113"          1        0.0        0.0        0.0        0.0     0.0     0.0        0.0        0.0        0.0        0.0
"Line.L113"          2        0.0        0.0        0.0        0.0     0.0     0.0
"Line.L114"          1      747.1      469.9       -0.9        0.1     0.9    -1.4        0.0        0.0        0.0        0.0
"Line.L114"          2     -746.1     -467.8        0.9       -0.0    -0.9     1.5
"Line.L116"          1     1982.1      395.7       -1.1       -1.3    -0.7    -2.8        0.0        0.0        0.0        0.0
"Line.L116"          2    -1976.7     -384.3        1.2        1.5     0.9     3.2
"Line.L117"          1     1416.2       54.5       -1.3       -1.7    -0.6    -3.6        0.0        0.0        0.0        0.0
"Line.L117"          2    -1413.7      -49.5        1.2        1.7     0.7     3.8
"Line.SW1"           1     3541.9     1363.4       -0.0       -0.0    -0.0    -0.0     1333.1      513.2      228.7       88.0
"Line.SW1"           2    -3541.9    -1363.4        0.0        0.0     0.0     0.0
"Line.SW2"           1     1982.1      395.7       -1.1       -1.3    -0.7    -2.8        0.0        0.0        0.0        0.0
"Line.SW2"           2    -1982.1     -395.7        1.1        1.3     0.7     2.8
"Line.SW3"           1      747.1      469.9       -0.9        0.1     0.9    -1.4        0.0        0.0        0.0        0.0
"Line.SW3"           2     -747.1     -469.9        0.9       -0.1    -0.9     1.4
"Line.SW4"           1     1416.2       54.5       -1.3       -1.7    -0.6    -3.6        0.0        0.0        0.0        0.0
"Line.SW4"           2    -1416.2      -54.5        1.3        1.7     0.6     3.6
"Line.SW5"           1      316.7      160.7       -0.4       -0.6    -0.5    -1.2        0.0        0.0        0.0        0.0
"Line.SW5"           2     -316.7     -160.7        0.4        0.6     0.5     1.2
"Line.SW6"           1       -0.0        0.0        0.0        0.0     0.0     0.0        0.0        0.0        0.0        0.0
"Line.SW6"           2        0.0       -0.0       -0.0       -0.0    -0.0    -0.0
"Transformer.XFM1"   1        0.0        0.0        0.0        0.0     0.0     0.0        0.0        0.0        0.0        0.0
"Transformer.XFM1"   2        0.0        0.0        0.0       -0.0    -0.0    -0.0
"Capacitor.C83"      1        0.0     -581.0       -0.0       -0.1     0.0    -0.3        0.0        0.0        0.0        0.0
"Capacitor.C83"      2        0.0        0.0        0.0        0.0     0.0     0.0
"Capacitor.C88A"     1        0.0        0.0        0.0        0.0     0.0     0.0        0.0        0.0        0.0        0.0
"Capacitor.C88A"     2        0.0        0.0        0.0        0.0     0.0     0.0
"Capacitor.C90B"     1        0.0        0.0        0.0        0.0     0.0     0.0        0.0        0.0        0.0        0.0
"Capacitor.C90B"     2        0.0        0.0        0.0        0.0     0.0     0.0
"Capacitor.C92C"     1        0.0        0.0        0.0        0.0     0.0     0.0        0.0        0.0        0.0        0.0
"Capacitor.C92C"     2        0.0        0.0        0.0        0.0     0.0     0.0
"Transformer.REG2A"  1        0.0        0.0        0.0        0.0     0.0     0.0        0.0        0.0        0.0        0.0
"Transformer.REG2A"  2        0.0        0.0        0.0        0.0     0.0     0.0
"Transformer.REG3A"  1        0.0        0.0        0.0        0.0     0.0     0.0        0.0        0.0        0.0        0.0
"Transformer.REG3A"  2        0.0        0.0        0.0        0.0     0.0     0.0
"Transformer.REG4A"  1        0.0        0.0        0.0        0.0     0.0     0.0        0.0        0.0        0.0        0.0
"Transformer.REG4A"  2        0.0        0.0        0.0        0.0     0.0     0.0
"Transformer.REG3C"  1        0.0        0.0        0.0        0.0     0.0     0.0        0.0        0.0        0.0        0.0
"Transformer.REG3C"  2        0.0        0.0        0.0        0.0     0.0     0.0
"Transformer.REG4B"  1        0.0        0.0        0.0        0.0     0.0     0.0        0.0        0.0        0.0        0.0
"Transformer.REG4B"  2        0.0        0.0        0.0        0.0     0.0     0.0
"Transformer.REG4C"  1        0.0        0.0        0.0        0.0     0.0     0.0        0.0        0.0        0.0        0.0
"Transformer.REG4C"  2        0.0        0.0        0.0        0.0     0.0     0.0
"Load.S1A"           1        0.0        0.0        0.0        0.0     0.0     0.0
"Load.S2B"           1        0.0        0.0        0.0        0.0     0.0     0.0
"Load.S4C"           1        0.0        0.0        0.0        0.0     0.0     0.0
"Load.S5C"           1        0.0        0.0        0.0        0.0     0.0     0.0
"Load.S6C"           1        0.0        0.0        0.0        0.0     0.0     0.0
"Load.S7A"           1        0.0        0.0        0.0        0.0     0.0     0.0
"Load.S9A"           1        0.0        0.0        0.0        0.0     0.0     0.0
"Load.S10A"          1        0.0        0.0        0.0        0.0     0.0     0.0
"Load.S11A"          1        0.0        0.0        0.0        0.0     0.0     0.0
"Load.S12B"          1        0.0        0.0        0.0        0.0     0.0     0.0
"Load.S16C"          1        0.0        0.0        0.0        0.0     0.0     0.0
"Load.S17C"          1        0.0        0.0        0.0        0.0     0.0     0.0
"Load.S19A"          1        0.0        0.0        0.0        0.0     0.0     0.0
"Load.S20A"          1        0.0        0.0        0.0        0.0     0.0     0.0
"Load.S22B"          1        0.0        0.0        0.0        0.0     0.0     0.0
"Load.S24C"          1        0.0        0.0        0.0        0.0     0.0     0.0
"Load.S28A"          1        0.0        0.0        0.0        0.0     0.0     0.0
"Load.S29A"          1        0.0        0.0        0.0        0.0     0.0     0.0
"Load.S30C"          1        0.0        0.0        0.0        0.0     0.0     0.0
"Load.S31C"          1        0.0        0.0        0.0        0.0     0.0     0.0
"Load.S32C"          1        0.0        0.0        0.0        0.0     0.0     0.0
"Load.S33A"          1        0.0        0.0        0.0        0.0     0.0     0.0
"Load.S34C"          1        0.0        0.0        0.0        0.0     0.0     0.0
"Load.S35A"          1        0.0        0.0        0.0        0.0     0.0     0.0
"Load.S37A"          1        0.0        0.0        0.0        0.0     0.0     0.0
"Load.S38B"          1        0.0        0.0        0.0        0.0     0.0     0.0
"Load.S39B"          1        0.0        0.0        0.0        0.0     0.0     0.0
"Load.S41C"          1        0.0        0.0        0.0        0.0     0.0     0.0
"Load.S42A"          1        0.0        0.0        0.0        0.0     0.0     0.0
"Load.S43B"          1        0.0        0.0        0.0        0.0     0.0     0.0
"Load.S45A"          1        0.0        0.0        0.0        0.0     0.0     0.0
"Load.S46A"          1        0.0        0.0        0.0        0.0     0.0     0.0
"Load.S47A"          1        0.0        0.0        0.0        0.0     0.0     0.0
"Load.S47B"          1        0.0        0.0        0.0        0.0     0.0     0.0
"Load.S47C"          1        0.0        0.0        0.0        0.0     0.0     0.0
"Load.S48A"          1        0.0        0.0        0.0        0.0     0.0     0.0
"Load.S48B"          1        0.0        0.0        0.0        0.0     0.0     0.0
"Load.S48C"          1        0.0        0.0        0.0        0.0     0.0     0.0
"Load.S49A"          1        0.0        0.0        0.0        0.0     0.0     0.0
"Load.S49B"          1        0.0        0.0        0.0        0.0     0.0     0.0
"Load.S49C"          1        0.0        0.0        0.0        0.0     0.0     0.0
"Load.S50C"          1        0.0        0.0        0.0        0.0     0.0     0.0
"Load.S51A"          1        0.0        0.0        0.0        0.0     0.0     0.0
"Load.S52A"          1        0.0        0.0        0.0        0.0     0.0     0.0
"Load.S53A"          1        0.0        0.0        0.0        0.0     0.0     0.0
"Load.S55A"          1        0.0        0.0        0.0        0.0     0.0     0.0
"Load.S56B"          1        0.0        0.0        0.0        0.0     0.0     0.0
"Load.S58B"          1        0.0        0.0        0.0        0.0     0.0     0.0
"Load.S59B"          1        0.0        0.0        0.0        0.0     0.0     0.0
"Load.S60A"          1        0.0        0.0        0.0        0.0     0.0     0.0
"Load.S62C"          1        0.0        0.0        0.0        0.0     0.0     0.0
"Load.S63A"          1        0.0        0.0        0.0        0.0     0.0     0.0
"Load.S64B"          1        0.0        0.0        0.0        0.0     0.0     0.0
"Load.S65A"          1        0.0        0.0        0.0        0.0     0.0     0.0
"Load.S65B"          1        0.0        0.0        0.0        0.0     0.0     0.0
"Load.S65C"          1        0.0        0.0        0.0        0.0     0.0     0.0
"Load.S66C"          1        0.0        0.0        0.0        0.0     0.0     0.0
"Load.S68A"          1        0.0        0.0        0.0        0.0     0.0     0.0
"Load.S69A"          1        0.0        0.0        0.0        0.0     0.0     0.0
"Load.S70A"          1        0.0        0.0        0.0        0.0     0.0     0.0
"Load.S71A"          1        0.0        0.0        0.0        0.0     0.0     0.0
"Load.S73C"          1        0.0        0.0        0.0        0.0     0.0     0.0
"Load.S74C"          1        0.0        0.0        0.0        0.0     0.0     0.0
"Load.S75C"          1        0.0        0.0        0.0        0.0     0.0     0.0
"Load.S76A"          1        0.0        0.0        0.0        0.0     0.0     0.0
"Load.S76B"          1        0.0        0.0        0.0        0.0     0.0     0.0
"Load.S76C"          1        0.0        0.0        0.0        0.0     0.0     0.0
"Load.S77B"          1        0.0        0.0        0.0        0.0     0.0     0.0
"Load.S79A"          1        0.0        0.0        0.0        0.0     0.0     0.0
"Load.S80B"          1        0.0        0.0        0.0        0.0     0.0     0.0
"Load.S82A"          1        0.0        0.0        0.0        0.0     0.0     0.0
"Load.S83C"          1        0.0        0.0        0.0        0.0     0.0     0.0
"Load.S84C"          1        0.0        0.0        0.0        0.0     0.0     0.0
"Load.S85C"          1        0.0        0.0        0.0        0.0     0.0     0.0
"Load.S86B"          1        0.0        0.0        0.0        0.0     0.0     0.0
"Load.S87B"          1        0.0        0.0        0.0        0.0     0.0     0.0
"Load.S88A"          1        0.0        0.0        0.0        0.0     0.0     0.0
"Load.S90B"          1        0.0        0.0        0.0        0.0     0.0     0.0
"Load.S92C"          1        0.0        0.0        0.0        0.0     0.0     0.0
"Load.S94A"          1        0.0        0.0        0.0        0.0     0.0     0.0
"Load.S95B"          1        0.0        0.0        0.0        0.0     0.0     0.0
"Load.S96B"          1        0.0        0.0        0.0        0.0     0.0     0.0
"Load.S98A"          1        0.0        0.0        0.0        0.0     0.0     0.0
"Load.S99B"          1        0.0        0.0        0.0        0.0     0.0     0.0
"Load.S100C"         1        0.0        0.0        0.0        0.0     0.0     0.0
"Load.S102C"         1        0.0        0.0        0.0        0.0     0.0     0.0
"Load.S103C"         1        0.0        0.0        0.0        0.0     0.0     0.0
"Load.S104C"         1        0.0        0.0        0.0        0.0     0.0     0.0
"Load.S106B"         1        0.0        0.0        0.0        0.0     0.0     0.0
"Load.S107B"         1        0.0        0.0        0.0        0.0     0.0     0.0
"Load.S109A"         1        0.0        0.0        0.0        0.0     0.0     0.0
"Load.S111A"         1        0.0        0.0        0.0        0.0     0.0     0.0
"Load.S112A"         1        0.0        0.0        0.0        0.0     0.0     0.0
"Load.S113A"         1        0.0        0.0        0.0        0.0     0.0     0.0
"Load.S114A"         1        0.0        0.0        0.0        0.0     0.0     0.0

Total Circuit Losses =   95.1 +j  194.7
